[{"baseType":1,"effect":"resource/effect/example_15.fx","position":[-9.024360656738281,0.0,36.19791793823242],"rotate":[[0.15427939593791962,0.0,-0.9880272150039673],[0.0,0.9999999403953552,0.0],[0.9880272150039673,0.0,0.15427939593791962]],"scale":[1.0,1.0,1.0],"source":"resource/mesh/Elementalist/Elementalist.x"},{"baseType":1,"effect":"resource/effect/example_15.fx","position":[23.932044982910156,0.0,45.7614631652832],"rotate":[[-0.7358020544052124,0.0,0.6771965622901917],[0.0,0.9999999403953552,0.0],[-0.6771965622901917,0.0,-0.7358020544052124]],"scale":[1.0,1.0,1.0],"source":"resource/mesh/Elementalist/Elementalist.x"},{"baseType":1,"effect":"resource/effect/example_15.fx","position":[20.978130340576172,0.0,8.32126235961914],"rotate":[[0.9938163757324219,-0.0,0.11103542149066925],[0.0,0.9999999403953552,0.0],[-0.11103542149066925,0.0,0.9938163757324219]],"scale":[1.0,1.0,1.0],"source":"resource/mesh/Elementalist/Elementalist.x"}]