[{"baseType":9,"effect":"resource/effect/example_15.fx","position":[-44.5731201171875,0.0,3.142955780029297],"rotate":[[0.9991409182548523,-0.0,0.04143932834267616],[0.0,0.9999999403953552,0.0],[-0.04143932834267616,0.0,0.9991409182548523]],"scale":[0.0037570942658931017,0.0037570942658931017,0.0037570942658931017],"source":"resource/mesh/L4D1/props/bathtube.X"},{"baseType":9,"effect":"resource/effect/example_15.fx","position":[-13.710607528686523,0.0,55.859500885009766],"rotate":[[0.9991409182548523,-0.0,0.04143932834267616],[0.0,0.9999999403953552,0.0],[-0.04143932834267616,0.0,0.9991409182548523]],"scale":[0.008727947250008583,0.008727947250008583,0.008727947250008583],"source":"resource/mesh/L4D1/props/cupboard1.X"},{"baseType":9,"effect":"resource/effect/example_15.fx","position":[44.4608268737793,0.0,46.94453811645508],"rotate":[[0.9958048462867737,0.0,-0.09150224924087524],[0.0,0.9999999403953552,0.0],[0.09150224924087524,0.0,0.9958048462867737]],"scale":[0.008988196961581707,0.008988196961581707,0.008988196961581707],"source":"resource/mesh/L4D1/props/refrigerator1.X"}]