[{"baseType":1,"effect":"resource/effect/example_15.fx","position":[158.5338592529297,0.0,3.1741943359375],"rotate":[[0.6225138902664185,0.0,-0.7826087474822998],[0.0,0.9999999403953552,0.0],[0.7826087474822998,-0.0,0.6225138902664185]],"scale":[0.02006303332746029,0.02006303332746029,0.02006303332746029],"source":"resource/mesh/L4D1/props/coffee_mug.X"},{"baseType":1,"effect":"resource/effect/example_15.fx","position":[-0.9947910308837891,0.0,143.25506591796875],"rotate":[[0.8314682841300964,0.0,-0.5555722713470459],[0.0,0.9999999403953552,0.0],[0.5555722713470459,-0.0,0.8314682841300964]],"scale":[0.014780862256884575,0.014780862256884575,0.014780862256884575],"source":"resource/mesh/L4D1/props/teddybear.X"},{"baseType":1,"effect":"resource/effect/example_15.fx","position":[-130.8961181640625,0.0,-1.5054073333740234],"rotate":[[0.5446406602859497,-0.0,0.8386695981025696],[0.0,0.9999999403953552,0.0],[-0.8386695981025696,0.0,0.5446406602859497]],"scale":[0.011972494423389435,0.011972494423389435,0.011972494423389435],"source":"resource/mesh/L4D1/props/flour_sack.X"}]