[{"baseType":129,"effect":"resource/effect/example_15.fx","position":[-37.61598587036133,8.136276245117188,-35.55171585083008],"rotate":[[-0.10366544127464294,0.9752523899078369,-0.19528493285179138],[0.49358275532722473,0.22090204060077667,0.8411766886711121],[0.8634976744651794,-0.009193135425448418,-0.5042688846588135]],"scale":[0.006000000052154064,0.006000000052154064,0.006000000052154064],"source":"resource/mesh/L4D1/items/rifle.X","triggerType":1},{"baseType":129,"effect":"resource/effect/example_15.fx","position":[-40.518707275390625,8.299591064453125,-39.07081604003906],"rotate":[[-0.13717849552631378,0.9669308662414551,-0.21500392258167267],[0.39662447571754456,0.2525164783000946,0.8825669288635254],[0.9076745510101318,0.03579282760620117,-0.4181455075740814]],"scale":[0.006000000052154064,0.006000000052154064,0.006000000052154064],"source":"resource/mesh/L4D1/items/shotgun.X","triggerType":2},{"baseType":129,"effect":"resource/effect/example_15.fx","position":[-48.15053176879883,9.07534408569336,-44.153968811035156],"rotate":[[0.4081262946128845,-0.8563153743743896,0.3164755403995514],[0.8794599175453186,0.2757871747016907,-0.3879324197769165],[0.24491354823112488,0.43665391206741333,0.8656504154205322]],"scale":[0.006000000052154064,0.006000000052154064,0.006000000052154064],"source":"resource/mesh/L4D1/items/radio.X","triggerType":16},{"baseType":129,"effect":"resource/effect/example_15.fx","position":[-1089.5789794921875,0.0,-960.2997436523438],"rotate":[[-0.4364100396633148,0.0,0.899747908115387],[0.0,0.9999999403953552,0.0],[-0.899747908115387,0.0,-0.4364100396633148]],"scale":[0.0011118114925920963,0.0011118114925920963,0.0011118114925920963],"source":"resource/mesh/L4D1/items/medikit.X","triggerType":3},{"baseType":129,"effect":"resource/effect/example_15.fx","position":[-43.1018180847168,8.704083442687988,-41.87700653076172],"rotate":[[-0.5173922777175903,-0.05213801935315132,-0.8541585206985474],[-0.854661226272583,-0.01866001822054386,0.5188505053520203],[-0.04300357401371002,0.998464822769165,-0.03490801155567169]],"scale":[0.006000000052154064,0.006000000052154064,0.006000000052154064],"source":"resource/mesh/L4D1/items/medikit.X","triggerType":3}]