[{"baseType":1,"effect":"resource/effect/example_15.fx","position":[-36.93598937988281,0.0,46.012603759765625],"rotate":[[0.9279999136924744,0.0,-0.3725806474685669],[0.0,0.9999999403953552,0.0],[0.3725806474685669,-0.0,0.9279999136924744]],"scale":[1.0,1.0,1.0],"source":"resource/mesh/Elementalist/Elementalist.x"},{"baseType":1,"effect":"resource/effect/example_15.fx","position":[-66.6924057006836,0.0,-10.659896850585938],"rotate":[[0.9807847142219543,-0.0,0.19509269297122955],[0.0,0.9999999403953552,0.0],[-0.19509269297122955,0.0,0.9807847142219543]],"scale":[1.0,1.0,1.0],"source":"resource/mesh/Elementalist/Elementalist.x"},{"baseType":1,"effect":"resource/effect/example_15.fx","position":[-47.915977478027344,0.0,-66.18707275390625],"rotate":[[0.9790449142456055,-0.0,0.20364415645599365],[0.0,0.9999999403953552,0.0],[-0.20364415645599365,0.0,0.9790449142456055]],"scale":[1.0,1.0,1.0],"source":"resource/mesh/Elementalist/Elementalist.x"}]