[{"baseType":1,"effect":"resource/effect/example_15.fx","position":[67.98165130615234,0.9016749262809753,28.311838150024414],"rotate":[[0.01745028980076313,0.0,-0.9998477101325989],[0.0,0.9999999403953552,0.0],[0.9998477101325989,0.0,0.01745028980076313]],"scale":[0.004454123321920633,0.004454123321920633,0.004454123321920633],"source":"resource/mesh/L4D1/props/trashCluster1.X"},{"baseType":9,"effect":"resource/effect/example_15.fx","position":[69.8608627319336,0.0,-0.7231853008270264],"rotate":[[-2.6523568976699607e-06,0.0,-0.9999999403953552],[0.0,0.9999999403953552,0.0],[0.9999999403953552,0.0,-2.6523568976699607e-06]],"scale":[0.0036823288537561893,0.0036823288537561893,0.0036823288537561893],"source":"resource/mesh/L4D1/props/barrel_fire.X"},{"baseType":9,"effect":"resource/effect/example_15.fx","position":[66.91340637207031,3.328890085220337,4.836614608764648],"rotate":[[-2.6523568976699607e-06,0.0,-0.9999999403953552],[0.0,0.9999999403953552,0.0],[0.9999999403953552,0.0,-2.6523568976699607e-06]],"scale":[0.00411139614880085,0.00411139614880085,0.00411139614880085],"source":"resource/mesh/L4D1/props/wood_crate.X"},{"baseType":9,"effect":"resource/effect/example_15.fx","position":[62.483245849609375,0.0,-18.610816955566406],"rotate":[[0.8253616094589233,0.0,0.5646043419837952],[0.0,0.9999999403953552,0.0],[-0.5646043419837952,0.0,0.8253616094589233]],"scale":[0.0026705118361860514,0.0026705118361860514,0.0026705118361860514],"source":"resource/mesh/L4D1/props/boxes_rooftop.X"},{"baseType":9,"effect":"resource/effect/example_15.fx","position":[62.25572967529297,-0.05789843946695328,16.799394607543945],"rotate":[[-2.6523568976699607e-06,0.0,-0.9999999403953552],[0.0,0.9999999403953552,0.0],[0.9999999403953552,0.0,-2.6523568976699607e-06]],"scale":[0.004388211760669947,0.004388211760669947,0.004388211760669947],"source":"resource/mesh/L4D1/props/barrel_fire.X"},{"baseType":9,"effect":"resource/effect/example_15.fx","position":[62.776145935058594,15.94798755645752,-4.57710075378418],"rotate":[[-0.8051559925079346,0.0,-0.5930629968643188],[0.0,0.9999999403953552,0.0],[0.5930629968643188,0.0,-0.8051559925079346]],"scale":[0.004638387821614742,0.004638387821614742,0.004638387821614742],"source":"resource/mesh/L4D1/props/wood_crate.X"},{"baseType":9,"effect":"resource/effect/example_15.fx","position":[63.78807830810547,6.141454219818115,-4.519794464111328],"rotate":[[0.008721217513084412,0.0,-0.9999619126319885],[0.0,0.9999999403953552,0.0],[0.9999619126319885,0.0,0.008721217513084412]],"scale":[0.007658954709768295,0.007658954709768295,0.007658954709768295],"source":"resource/mesh/L4D1/props/wood_crate.X"},{"baseType":1,"effect":"resource/effect/example_15.fx","position":[9.51303768157959,9.142091751098633,-117.40330505371094],"rotate":[[-0.9999620318412781,0.0,-0.008713003247976303],[0.0,0.9999999403953552,0.0],[0.008713003247976303,0.0,-0.9999620318412781]],"scale":[0.004546087235212326,0.004546087235212326,0.004546087235212326],"source":"resource/mesh/L4D1/props/hospital_banner.X"},{"baseType":1,"effect":"resource/effect/example_15.fx","position":[112.36998748779297,1.5499509572982788,-112.471435546875],"rotate":[[0.9396906495094299,0.0,-0.3420255184173584],[0.0,0.9999999403953552,0.0],[0.3420255184173584,0.0,0.9396906495094299]],"scale":[0.013302779756486416,0.013302779756486416,0.013302779756486416],"source":"resource/mesh/L4D1/props/flour_sack.X"},{"baseType":1,"effect":"resource/effect/example_15.fx","position":[-108.47579193115234,0.820396900177002,-110.0781021118164],"rotate":[[-0.7402156591415405,0.0,0.6723694205284119],[0.0,0.9999999403953552,0.0],[-0.6723694205284119,0.0,-0.7402156591415405]],"scale":[0.004174551926553249,0.004174551926553249,0.004174551926553249],"source":"resource/mesh/L4D1/props/trashCluster1.X"},{"baseType":9,"effect":"resource/effect/example_15.fx","position":[-114.73284149169922,0.0,-114.57734680175781],"rotate":[[-0.9969179630279541,0.0,0.0784500315785408],[0.0,0.9999999403953552,0.0],[-0.0784500315785408,0.0,-0.9969179630279541]],"scale":[0.005990329664200544,0.005990329664200544,0.005990329664200544],"source":"resource/mesh/L4D1/props/barrel_fire.X"},{"baseType":1,"effect":"resource/effect/example_15.fx","position":[61.659446716308594,0.0,-26.219676971435547],"rotate":[[0.6276317238807678,0.0,-0.7785102725028992],[0.0,0.9999999403953552,0.0],[0.7785102725028992,0.0,0.6276317238807678]],"scale":[0.0030729526188224554,0.0030729526188224554,0.0030729526188224554],"source":"resource/mesh/L4D1/props/military_sign2.X"},{"baseType":1,"effect":"resource/effect/example_15.fx","position":[-114.4810791015625,8.346131324768066,-43.55571746826172],"rotate":[[0.8910020589828491,0.0,0.4539991021156311],[0.0,0.9999999403953552,0.0],[-0.4539991021156311,0.0,0.8910020589828491]],"scale":[0.0021041615400463343,0.0021041615400463343,0.0021041615400463343],"source":"resource/mesh/L4D1/props/military_sign1.X"},{"baseType":1,"effect":"resource/effect/example_15.fx","position":[67.02699279785156,0.0,-28.69944190979004],"rotate":[[0.19082020223140717,0.0,-0.981624960899353],[0.0,0.9999999403953552,0.0],[0.981624960899353,-0.0,0.19082020223140717]],"scale":[0.00530973682180047,0.00530973682180047,0.00530973682180047],"source":"resource/mesh/L4D1/props/pottedplant_tall.X"},{"baseType":9,"effect":"resource/effect/example_15.fx","position":[66.03458404541016,2.951807737350464,43.13348388671875],"rotate":[[-0.043633610010147095,0.0,0.999047577381134],[0.0,0.9999999403953552,0.0],[-0.999047577381134,0.0,-0.043633610010147095]],"scale":[0.005812415853142738,0.005812415853142738,0.005812415853142738],"source":"resource/mesh/L4D1/props/cardboard_box.X"},{"baseType":1,"effect":"resource/effect/example_15.fx","position":[59.8278694152832,12.452942848205566,-1.413368821144104],"rotate":[[-0.5735636353492737,0.0,-0.819161057472229],[0.0,0.9999999403953552,0.0],[0.819161057472229,0.0,-0.5735636353492737]],"scale":[0.0066559272818267345,0.0066559272818267345,0.0066559272818267345],"source":"resource/mesh/L4D1/props/teddybear.X"},{"baseType":9,"effect":"resource/effect/example_15.fx","position":[74.03961944580078,0.0,-118.04959106445313],"rotate":[[-0.9999617338180542,0.0,0.008739939890801907],[0.0,0.9999999403953552,0.0],[-0.008739939890801907,0.0,-0.9999617338180542]],"scale":[0.0035903563257306814,0.0035903563257306814,0.0035903563257306814],"source":"resource/mesh/L4D1/props/warehouse_shelf.X"},{"baseType":9,"effect":"resource/effect/example_15.fx","position":[85.6264419555664,14.869455337524414,-113.41327667236328],"rotate":[[-0.08934583514928818,0.0,-0.9960006475448608],[0.0,0.9999999403953552,0.0],[0.9960006475448608,0.0,-0.08934583514928818]],"scale":[0.003248145105317235,0.003248145105317235,0.003248145105317235],"source":"resource/mesh/L4D1/props/boxes_rooftop.X"},{"baseType":9,"effect":"resource/effect/example_15.fx","position":[60.413997650146484,-0.061866313219070435,-111.5873794555664],"rotate":[[-0.9999999403953552,0.0,6.661517545580864e-06],[0.0,0.9999999403953552,0.0],[-6.661517545580864e-06,0.0,-0.9999999403953552]],"scale":[0.0066514527425169945,0.0066514527425169945,0.0066514527425169945],"source":"resource/mesh/L4D1/props/it_mkt_table2.X"},{"baseType":1,"effect":"resource/effect/example_15.fx","position":[57.98122787475586,9.340951919555664,-111.45231628417969],"rotate":[[-0.9600546360015869,0.0,0.27981242537498474],[0.0,0.9999999403953552,0.0],[-0.27981242537498474,0.0,-0.9600546360015869]],"scale":[0.004174551926553249,0.004174551926553249,0.004174551926553249],"source":"resource/mesh/L4D1/props/clothing_pile1.X"},{"baseType":9,"effect":"resource/effect/example_15.fx","position":[59.74833297729492,3.44982647895813,-111.42005157470703],"rotate":[[-0.2609059810638428,0.0,-0.9653641581535339],[0.0,0.9999999403953552,0.0],[0.9653641581535339,0.0,-0.2609059810638428]],"scale":[0.006755889859050512,0.006755889859050512,0.006755889859050512],"source":"resource/mesh/L4D1/props/cardboard_box.X"},{"baseType":1,"effect":"resource/effect/example_15.fx","position":[59.52525329589844,0.0,31.596229553222656],"rotate":[[0.034918397665023804,0.0,-0.9993901252746582],[0.0,0.9999999403953552,0.0],[0.9993901252746582,0.0,0.034918397665023804]],"scale":[0.002711534034460783,0.002711534034460783,0.002711534034460783],"source":"resource/mesh/L4D1/props/food_pile1.X"},{"baseType":1,"effect":"resource/effect/example_15.fx","position":[-68.72198486328125,3.814697265625e-06,-62.57971954345703],"rotate":[[-0.27984392642974854,0.0,0.9600454568862915],[0.0,0.9999999403953552,0.0],[-0.9600454568862915,0.0,-0.27984392642974854]],"scale":[0.0030432480853050947,0.0030432480853050947,0.0030432480853050947],"source":"resource/mesh/L4D1/props/food_pile1.X"},{"baseType":1,"effect":"resource/effect/example_15.fx","position":[-16.13649559020996,0.0,6.951181411743164],"rotate":[[0.4714083969593048,0.0,-0.8819150328636169],[0.0,0.9999999403953552,0.0],[0.8819150328636169,-0.0,0.4714083969593048]],"scale":[0.0030128154903650284,0.0030128154903650284,0.0030128154903650284],"source":"resource/mesh/L4D1/props/food_pile1.X"}]