[{"baseType":129,"effect":"resource/effect/example_15.fx","position":[-35.697208404541016,8.136276245117188,-42.23307800292969],"rotate":[[-0.10366544127464294,0.9752523899078369,-0.19528493285179138],[0.49358275532722473,0.22090204060077667,0.8411766886711121],[0.8634976744651794,-0.009193135425448418,-0.5042688846588135]],"scale":[0.006000000052154064,0.006000000052154064,0.006000000052154064],"source":"resource/mesh/L4D1/items/rifle.X","triggerType":1},{"baseType":129,"effect":"resource/effect/example_15.fx","position":[-50.846275329589844,6.551636219024658,-46.083106994628906],"rotate":[[0.11926178634166718,0.9464722275733948,-0.2999446988105774],[-0.30284515023231506,0.3223857283592224,0.8968567848205566],[0.9455475807189941,-0.01612357422709465,0.32508403062820435]],"scale":[0.006000000052154064,0.006000000052154064,0.006000000052154064],"source":"resource/mesh/L4D1/items/shotgun.X","triggerType":2},{"baseType":129,"effect":"resource/effect/example_15.fx","position":[-30.971342086791992,7.676547527313232,1.3749220371246338],"rotate":[[0.40881577134132385,-0.8563153743743896,0.3155843913555145],[0.8786115050315857,0.2757872939109802,-0.38985005021095276],[0.246801495552063,0.43665388226509094,0.8651140332221985]],"scale":[0.006000000052154064,0.006000000052154064,0.006000000052154064],"source":"resource/mesh/L4D1/items/radio.X","triggerType":16}]